acc = 0.8944666666666666
eval_loss = 0.3241860365231832
f1 = 0.8944666666666667
mcc = 0.8419913357806428
