acc = 0.9768
eval_loss = 0.09253322675228119
f1 = 0.9768
mcc = 0.9651999575296457
