acc = 0.8936666666666667
eval_loss = 0.3201597194035848
f1 = 0.8936666666666667
mcc = 0.8410081266351054
