acc = 0.9477333333333333
eval_loss = 0.20542449007034302
f1 = 0.9477333333333333
mcc = 0.9216169699951888
