acc = 0.9469333333333333
eval_loss = 0.21916159292062123
f1 = 0.9469333333333333
mcc = 0.9205606356651166
